CS13 Score Summary - IDs
Thursday, October 26, 2006


    ID    Ast1 Ast2 Ast3 Ast4 Ast5 Ast6 Ast7 Ast8   Tst1 Tst2   Score
    ----  ---- ---- ---- ---- ---- ---- ---- ----   ---- ----   -----
    6064    10   19   25   35   45   30   60          72   94    75.4
    2244    10   18   25   35   45   35   60   80     59   74    79.9
    8988    10   18   25   35   45   47   60   80     91   99    95.9
    8575    10        25   35   45        40          56   71    55.2
    7160    10   20   23   35   40   50   60   80     90   98    95.1
    4560    10   20   25   35   45   35   60   76     68   86    84.8
    7461    10   20   23   35   41   30   60   50     79   93    83.7
    0705    10   20   20        45   25   60   80     90   95    85.6
    2872    10   18   25   35   45   35   60   80     54   86    81.6
    9179    10   18   25   35   45   30   60   50     86  100    87.8
    0001    10   20   30   35   45   50   60   80    100  100     100
    2495    10   17   23   35   41   30   60   50     62   85    77.0
    1324     8   18   25   35   45   35   60   80     85   80    87.6
    3723    10   20   25   35   45   45   60   75     69   89    87.2
    8453    10        25   35   45   50   60   80     94   99    94.4
    5593    10   20   23   35   41   35   35          91   94    76.4
    3340     8             34   41   30   60   78     84   95    82.7
    8991         20   25   35   43   50   60          77   90    77.0
    7337    10   15   25   35   50   30   60   40     67   77    76.1
    3008    10   20   25   35   45   20   60   80     67   69    78.6
    7915    10   18   25   35   45   25   60   80     93   88    90.4
    2586    10   20   25        45   25   60   80     79   81    80.1
    2815    10   17   25   35   45   45   60   80     84   82    89.5
    9184    10   20   25   35   45   50   60   80     89  100    96.4
    3190    10   20   25   35   45   50   60   80     69   85    87.7
    3946    10   20   25   33   45   30   60   75     83   90    88.4
    5675     8   19   21   32   44   29   59   79     91   87    88.5
    0908    10   18        35   45   35   55   45     82   80    77.3
    9381    10   18   25   35   45                    77   86    60.9
          ---- ---- ---- ---- ---- ---- ---- ----   ---- ----   -----
Possible    10   20   30   35   45   50   60   80    100  100
Average   9.44 16.9 22.8 32.3 44.3 33.8 56.1 59.9   78.8 88.0    83.5
