File: chr08.intron-exon.txt
Profile Matrix:
     T    C    A    T    C    C    G    A    A    A    A    T    T    A    G
A: .142 .285 .428 .142 .142 .142 .285 .285 .571 .285 .428 .000 .142 .571 .000
C: .142 .428 .142 .142 .428 .285 .000 .142 .142 .285 .285 .285 .142 .285 .000
G: .000 .000 .000 .142 .142 .142 .428 .285 .000 .000 .000 .142 .142 .000 .714
T: .571 .142 .285 .428 .142 .285 .142 .142 .142 .285 .142 .428 .428 .000 .142

     G    T    G    A    A    T    A    T    T    T    G    A    A    T    T
A: .000 .142 .142 .428 .428 .142 .285 .142 .000 .142 .000 .285 .714 .285 .000
C: .142 .000 .000 .142 .000 .142 .142 .000 .142 .000 .285 .142 .000 .142 .285
G: .714 .285 .428 .000 .285 .142 .142 .285 .000 .285 .428 .142 .142 .000 .142
T: .000 .428 .285 .285 .142 .428 .285 .428 .714 .428 .142 .285 .000 .428 .428

Consensus Sequence: TCATCCGAAAATTAGGTGAATATTTGAATT 
